1 1
2 1
3 1
4 1
5 1
6 1
7 2
8 2
9 2
10 2
11 2
12 3
13 3
14 3
15 3
16 3
17 4
18 4
19 4
20 4
21 5
22 5
23 5
24 5
25 5
26 6
27 6
28 6
29 6
30 6
31 7
32 7
33 7
34 7
35 7
36 8
37 8
38 8
39 8
40 9
41 9
42 9
43 9
44 9
45 10
46 10
47 10
48 10
49 10
50 11
51 11
52 11
53 11
54 11
55 12
56 12
57 12
58 12
59 12
60 13
61 13
62 13
63 13
64 14
65 14
66 14
67 14
68 14
69 15
70 15
71 15
72 15
73 15
74 16
75 16
76 16
77 16
78 16
79 17
80 17
81 17
82 17
83 17
84 18
85 18
86 18
87 18
88 19
89 19
90 19
91 19
92 19
93 20
94 20
95 20
96 20
97 20
98 21
99 21
100 21
101 21
102 21
103 22
104 22
105 22
106 22
107 23
108 23
109 23
110 23
111 23
112 24
113 24
114 24
115 24
116 24
117 25
118 25
119 25
120 25
121 25
122 26
123 26
124 26
125 26
126 26
127 27
128 27
129 27
130 27
131 28
132 28
133 28
134 28
135 28
136 29
137 29
138 29
139 29
140 29
141 30
142 30
143 30
144 30
145 30
146 31
147 31
148 31
149 31
150 31
151 32
152 32
153 32
154 32
155 33
156 33
157 33
158 33
159 33
160 34
161 34
162 34
163 34
164 34
165 35
166 35
167 35
168 35
169 35
170 36
171 36
172 36
173 36
174 37
175 37
176 37
177 37
178 37
179 38
180 38
181 38
182 38
183 38
184 39
185 39
186 39
187 39
188 39
189 40
190 40
191 40
192 40
193 40
194 41
195 41
196 41
197 41
198 42
199 42
200 42
201 42
202 42
203 43
204 43
205 43
206 43
207 43
208 44
209 44
210 44
211 44
212 44
213 45
214 45
215 45
216 45
217 46
218 46
219 46
220 46
221 46
222 47
223 47
224 47
225 47
226 47
227 48
228 48
229 48
230 48
231 48
232 49
233 49
234 49
235 49
236 49
237 50
238 50
239 50
240 50
241 51
242 51
243 51
244 51
245 51
246 52
247 52
248 52
249 52
250 52
251 53
252 53
253 53
254 53
255 53
256 54
257 54
258 54
259 54
260 54
261 55
262 55
263 55
264 55
265 56
266 56
267 56
268 56
269 56
270 57
271 57
272 57
273 57
274 57
275 58
276 58
277 58
278 58
279 58
280 59
281 59
282 59
283 59
284 60
285 60
286 60
287 60
288 60
289 61
290 61
291 61
292 61
293 61
294 62
295 62
296 62
297 62
298 62
299 63
300 63
301 63
302 63
303 63
304 64
305 64
306 64
307 64
308 65
309 65
310 65
311 65
312 65
313 66
314 66
315 66
316 66
317 66
318 67
319 67
320 67
321 67
322 67
323 68
324 68
325 68
326 68
327 68
328 69
329 69
330 69
331 69
332 70
333 70
334 70
335 70
336 70
337 71
338 71
339 71
340 71
341 71
342 72
343 72
344 72
345 72
346 72
347 73
348 73
349 73
350 73
351 74
352 74
353 74
354 74
355 74
356 75
357 75
358 75
359 75
360 75
361 76
362 76
363 76
364 76
365 76
366 77
367 77
368 77
369 77
370 77
371 78
372 78
373 78
374 78
375 79
376 79
377 79
378 79
379 79
380 80
381 80
382 80
383 80
384 80
385 81
386 81
387 81
388 81
389 81
390 82
391 82
392 82
393 82
394 82
395 83
396 83
397 83
398 83
399 84
400 84
401 84
402 84
403 84
404 85
405 85
406 85
407 85
408 85
409 86
410 86
411 86
412 86
413 86
414 87
415 87
416 87
417 87
418 88
419 88
420 88
421 88
422 88
423 89
424 89
425 89
426 89
427 89
428 90
429 90
430 90
431 90
432 90
433 91
434 91
435 91
436 91
437 91
438 92
439 92
440 92
441 92
442 93
443 93
444 93
445 93
446 93
447 94
448 94
449 94
450 94
451 94
452 95
453 95
454 95
455 95
456 95
457 96
458 96
459 96
460 96
461 96
462 97
463 97
464 97
465 97
466 98
467 98
468 98
469 98
470 98
471 99
472 99
473 99
474 99
475 99
476 100
477 100
478 100
479 100
480 100
481 101
482 101
483 101
484 101
485 102
486 102
487 102
488 102
489 102
490 103
491 103
492 103
493 103
494 103
495 104
496 104
497 104
498 104
499 104
500 105
501 105
502 105
503 105
504 105
505 106
506 106
507 106
508 106
509 107
510 107
511 107
512 107
513 107
514 108
515 108
516 108
517 108
518 108
519 109
520 109
521 109
522 109
523 109
524 110
525 110
526 110
527 110
528 110
529 111
530 111
531 111
532 111
533 112
534 112
535 112
536 112
537 112
538 113
539 113
540 113
541 113
542 113
543 114
544 114
545 114
546 114
547 114
548 115
549 115
550 115
551 115
552 116
553 116
554 116
555 116
556 116
557 117
558 117
559 117
560 117
561 117
562 118
563 118
564 118
565 118
566 118
567 119
568 119
569 119
570 119
571 119
572 120
573 120
574 120
575 120
576 121
577 121
578 121
579 121
580 121
581 122
582 122
583 122
584 122
585 122
586 123
587 123
588 123
589 123
590 123
591 124
592 124
593 124
594 124
595 124
596 125
597 125
598 125
599 125
600 126
601 126
602 126
603 126
604 126
605 127
606 127
607 127
608 127
609 127
610 128
611 128
612 128
613 128
614 128
615 129
616 129
617 129
618 129
619 130
620 130
621 130
622 130
623 130
624 131
625 131
626 131
627 131
628 131
629 132
630 132
631 132
632 132
633 132
634 133
635 133
636 133
637 133
638 133
639 134
640 134
641 134
642 134
643 135
644 135
645 135
646 135
647 135
648 136
649 136
650 136
651 136
652 136
653 137
654 137
655 137
656 137
657 137
658 138
659 138
660 138
661 138
662 139
663 139
664 139
665 139
666 139
667 140
668 140
669 140
670 140
671 140
672 141
673 141
674 141
675 141
676 141
677 142
678 142
679 142
680 142
681 142
682 143
683 143
684 143
685 143
686 144
687 144
688 144
689 144
690 144
691 145
692 145
693 145
694 145
695 145
696 146
697 146
698 146
699 146
700 146
701 147
702 147
703 147
704 147
705 147
706 148
707 148
708 148
709 148
710 149
711 149
712 149
713 149
714 149
715 150
716 150
717 150
718 150
719 150
720 151
721 151
722 151
723 151
724 151
725 152
726 152
727 152
728 152
729 153
730 153
731 153
732 153
733 153
734 154
735 154
736 154
737 154
738 154
739 155
740 155
741 155
742 155
743 155
744 156
745 156
746 156
747 156
748 156
749 157
750 157
751 157
752 157
753 158
754 158
755 158
756 158
757 158
758 159
759 159
760 159
761 159
762 159
763 160
764 160
765 160
766 160
767 160
768 161
769 161
770 161
771 161
772 161
773 162
774 162
775 162
776 162
777 163
778 163
779 163
780 163
781 163
782 164
783 164
784 164
785 164
786 164
787 165
788 165
789 165
790 165
791 165
792 166
793 166
794 166
795 166
796 167
797 167
798 167
799 167
800 167
801 168
802 168
803 168
804 168
805 168
806 169
807 169
808 169
809 169
810 169
811 170
812 170
813 170
814 170
815 170
816 171
817 171
818 171
819 171
820 172
821 172
822 172
823 172
824 172
825 173
826 173
827 173
828 173
829 173
830 174
831 174
832 174
833 174
834 174
835 175
836 175
837 175
838 175
839 175
840 176
841 176
842 176
843 176
844 177
845 177
846 177
847 177
848 177
849 178
850 178
851 178
852 178
853 178
854 179
855 179
856 179
857 179
858 179
859 180
860 180
861 180
862 180
863 181
864 181
865 181
866 181
867 181
868 182
869 182
870 182
871 182
872 182
873 183
874 183
875 183
876 183
877 183
878 184
879 184
880 184
881 184
882 184
883 185
884 185
885 185
886 185
887 186
888 186
889 186
890 186
891 186
892 187
893 187
894 187
895 187
896 187
897 188
898 188
899 188
900 188
901 188
902 189
903 189
904 189
905 189
906 189
907 190
908 190
909 190
910 190
911 191
912 191
913 191
914 191
915 191
916 192
917 192
918 192
919 192
920 192
921 193
922 193
923 193
924 193
925 193
926 194
927 194
928 194
929 194
930 195
931 195
932 195
933 195
934 195
935 196
936 196
937 196
938 196
939 196
940 197
941 197
942 197
943 197
944 197
945 198
946 198
947 198
948 198
949 198
950 199
951 199
952 199
953 199
954 200
955 200
956 200
957 200
958 200
959 201
960 201
961 201
962 201
963 201
964 202
965 202
966 202
967 202
968 202
969 203
970 203
971 203
972 203
973 203
974 204
975 204
976 204
977 204
978 205
979 205
980 205
981 205
982 205
983 206
984 206
985 206
986 206
987 206
988 207
989 207
990 207
991 207
992 207
993 208
994 208
995 208
996 208
997 209
998 209
999 209
1000 209
1001 209
1002 210
1003 210
1004 210
1005 210
1006 210
1007 211
1008 211
1009 211
1010 211
1011 211
1012 212
1013 212
1014 212
1015 212
1016 212
1017 213
1018 213
1019 213
1020 213
1021 214
1022 214
1023 214
1024 214
1025 214
1026 215
1027 215
1028 215
1029 215
1030 215
1031 216
1032 216
1033 216
1034 216
1035 216
1036 217
1037 217
1038 217
1039 217
1040 217
1041 218
1042 218
1043 218
1044 218
1045 219
1046 219
1047 219
1048 219
1049 219
1050 220
1051 220
1052 220
1053 220
1054 220
1055 221
1056 221
1057 221
1058 221
1059 221
1060 222
1061 222
1062 222
1063 222
1064 223
1065 223
1066 223
1067 223
1068 223
1069 224
1070 224
1071 224
1072 224
1073 224
1074 225
1075 225
1076 225
1077 225
1078 225
1079 226
1080 226
1081 226
1082 226
1083 226
1084 227
1085 227
1086 227
1087 227
1088 228
1089 228
1090 228
1091 228
1092 228
1093 229
1094 229
1095 229
1096 229
1097 229
1098 230
1099 230
1100 230
1101 230
1102 230
1103 231
1104 231
1105 231
1106 231
1107 231
1108 232
1109 232
1110 232
1111 232
1112 233
1113 233
1114 233
1115 233
1116 233
1117 234
1118 234
1119 234
1120 234
1121 234
1122 235
1123 235
1124 235
1125 235
1126 235
1127 236
1128 236
1129 236
1130 236
1131 237
1132 237
1133 237
1134 237
1135 237
1136 238
1137 238
1138 238
1139 238
1140 238
1141 239
1142 239
1143 239
1144 239
1145 239
1146 240
1147 240
1148 240
1149 240
1150 240
1151 241
1152 241
1153 241
1154 241
1155 242
1156 242
1157 242
1158 242
1159 242
1160 243
1161 243
1162 243
1163 243
1164 243
1165 244
1166 244
1167 244
1168 244
1169 244
1170 245
1171 245
1172 245
1173 245
1174 246
1175 246
1176 246
1177 246
1178 246
1179 247
1180 247
1181 247
1182 247
1183 247
1184 248
1185 248
1186 248
1187 248
1188 248
1189 249
1190 249
1191 249
1192 249
1193 249
1194 250
1195 250
1196 250
1197 250
1198 251
1199 251
1200 251
1201 251
1202 251
1203 252
1204 252
1205 252
1206 252
1207 252
1208 253
1209 253
1210 253
1211 253
1212 253
1213 254
1214 254
1215 254
1216 254
1217 254
1218 255
1219 255
1220 255
1221 255
1222 256
1223 256
1224 256
1225 256
1226 256
1227 257
1228 257
1229 257
1230 257
1231 257
1232 258
1233 258
1234 258
1235 258
1236 258
1237 259
1238 259
1239 259
1240 259
1241 260
1242 260
1243 260
1244 260
1245 260
1246 261
1247 261
1248 261
1249 261
1250 261
1251 262
1252 262
1253 262
1254 262
1255 262
1256 263
1257 263
1258 263
1259 263
1260 263
1261 264
1262 264
1263 264
1264 264
1265 265
1266 265
1267 265
1268 265
1269 265
1270 266
1271 266
1272 266
1273 266
1274 266
1275 267
1276 267
1277 267
1278 267
1279 267
1280 268
1281 268
1282 268
1283 268
1284 268
1285 269
1286 269
1287 269
1288 269
1289 270
1290 270
1291 270
1292 270
1293 270
1294 271
1295 271
1296 271
1297 271
1298 271
1299 272
1300 272
1301 272
1302 272
1303 272
1304 273
1305 273
1306 273
1307 273
1308 274
1309 274
1310 274
1311 274
1312 274
1313 275
1314 275
1315 275
1316 275
1317 275
1318 276
1319 276
1320 276
1321 276
1322 276
1323 277
1324 277
1325 277
1326 277
1327 277
1328 278
1329 278
1330 278
1331 278
1332 279
1333 279
1334 279
1335 279
1336 279
1337 280
1338 280
1339 280
1340 280
1341 280
1342 281
1343 281
1344 281
1345 281
1346 281
1347 282
1348 282
1349 282
1350 282
1351 282
1352 283
1353 283
1354 283
1355 283
1356 284
1357 284
1358 284
1359 284
1360 284
1361 285
1362 285
1363 285
1364 285
1365 285
1366 286
1367 286
1368 286
1369 286
1370 286
1371 287
1372 287
1373 287
1374 287
1375 288
1376 288
1377 288
1378 288
1379 288
1380 289
1381 289
1382 289
1383 289
1384 289
1385 290
1386 290
1387 290
1388 290
1389 290
1390 291
1391 291
1392 291
1393 291
1394 291
1395 292
1396 292
1397 292
1398 292
1399 293
1400 293
1401 293
1402 293
1403 293
1404 294
1405 294
1406 294
1407 294
1408 294
1409 295
1410 295
1411 295
1412 295
1413 295
1414 296
1415 296
1416 296
1417 296
1418 296
1419 297
1420 297
1421 297
1422 297
1423 298
1424 298
1425 298
1426 298
1427 298
1428 299
1429 299
1430 299
1431 299
1432 299
1433 300
1434 300
1435 300
1436 300
1437 300
1438 301
1439 301
1440 301
1441 301
1442 302
1443 302
1444 302
1445 302
1446 302
1447 303
1448 303
1449 303
1450 303
1451 303
1452 304
1453 304
1454 304
1455 304
1456 304
1457 305
1458 305
1459 305
1460 305
1461 305
1462 306
1463 306
1464 306
1465 306
1466 307
1467 307
1468 307
1469 307
1470 307
1471 308
1472 308
1473 308
1474 308
1475 308
1476 309
1477 309
1478 309
1479 309
1480 309
1481 310
1482 310
1483 310
1484 310
1485 310
1486 311
1487 311
1488 311
1489 311
1490 312
1491 312
1492 312
1493 312
1494 312
1495 313
1496 313
1497 313
1498 313
1499 313
1500 314
1501 314
1502 314
1503 314
1504 314
1505 315
1506 315
1507 315
1508 315
1509 316
1510 316
1511 316
1512 316
1513 316
1514 317
1515 317
1516 317
1517 317
1518 317
1519 318
1520 318
1521 318
1522 318
1523 318
1524 319
1525 319
1526 319
1527 319
1528 319
1529 320
1530 320
1531 320
1532 320
1533 321
1534 321
1535 321
1536 321
1537 321
1538 322
1539 322
1540 322
1541 322
1542 322
1543 323
1544 323
1545 323
1546 323
1547 323
1548 324
1549 324
1550 324
1551 324
1552 324
1553 325
1554 325
1555 325
1556 325
1557 326
1558 326
1559 326
1560 326
1561 326
1562 327
1563 327
1564 327
1565 327
1566 327
1567 328
1568 328
1569 328
1570 328
1571 328
1572 329
1573 329
1574 329
1575 329
1576 330
1577 330
1578 330
1579 330
1580 330
1581 331
1582 331
1583 331
1584 331
1585 331
1586 332
1587 332
1588 332
1589 332
1590 332
1591 333
1592 333
1593 333
1594 333
1595 333
1596 334
1597 334
1598 334
1599 334
1600 335
1601 335
1602 335
1603 335
1604 335
1605 336
1606 336
1607 336
1608 336
1609 336
1610 337
1611 337
1612 337
1613 337
1614 337
1615 338
1616 338
1617 338
1618 338
1619 339
1620 339
1621 339
1622 339
1623 339
1624 340
1625 340
1626 340
1627 340
1628 340
1629 341
1630 341
1631 341
1632 341
1633 341
1634 342
1635 342
1636 342
1637 342
1638 342
1639 343
1640 343
1641 343
1642 343
1643 344
1644 344
1645 344
1646 344
1647 344
1648 345
1649 345
1650 345
1651 345
1652 345
1653 346
1654 346
1655 346
1656 346
1657 346
1658 347
1659 347
1660 347
1661 347
1662 347
1663 348
1664 348
1665 348
1666 348
1667 349
1668 349
1669 349
1670 349
1671 349
1672 350
1673 350
1674 350
1675 350
1676 350
1677 351
1678 351
1679 351
1680 351
1681 351
1682 352
1683 352
1684 352
1685 352
1686 353
1687 353
1688 353
1689 353
1690 353
1691 354
1692 354
1693 354
1694 354
1695 354
1696 355
1697 355
1698 355
1699 355
1700 355
1701 356
1702 356
1703 356
1704 356
1705 356
1706 357
1707 357
1708 357
1709 357
1710 358
1711 358
1712 358
1713 358
1714 358
1715 359
1716 359
1717 359
1718 359
1719 359
1720 360
1721 360
1722 360
1723 360
1724 360
1725 361
1726 361
1727 361
1728 361
1729 361
1730 362
1731 362
1732 362
1733 362
1734 363
1735 363
1736 363
1737 363
1738 363
1739 364
1740 364
1741 364
1742 364
1743 364
1744 365
1745 365
1746 365
1747 365
1748 365
1749 366
1750 366
1751 366
1752 366
1753 367
1754 367
1755 367
1756 367
1757 367
1758 368
1759 368
1760 368
1761 368
1762 368
1763 369
1764 369
1765 369
1766 369
1767 369
1768 370
1769 370
1770 370
1771 370
1772 370
1773 371
1774 371
1775 371
1776 371
1777 372
1778 372
1779 372
1780 372
1781 372
1782 373
1783 373
1784 373
1785 373
1786 373
1787 374
1788 374
1789 374
1790 374
1791 374
1792 375
1793 375
1794 375
1795 375
1796 375
1797 376
1798 376
1799 376
1800 376
1801 377
1802 377
1803 377
1804 377
1805 377
1806 378
1807 378
1808 378
1809 378
1810 378
1811 379
1812 379
1813 379
1814 379
1815 379
1816 380
1817 380
1818 380
1819 380
1820 381
1821 381
1822 381
1823 381
1824 381
1825 382
1826 382
1827 382
1828 382
1829 382
1830 383
1831 383
1832 383
1833 383
1834 383
1835 384
1836 384
1837 384
1838 384
1839 384
1840 385
1841 385
1842 385
1843 385
1844 386
1845 386
1846 386
1847 386
1848 386
1849 387
1850 387
1851 387
1852 387
1853 387
1854 388
1855 388
1856 388
1857 388
1858 388
1859 389
1860 389
1861 389
1862 389
1863 389
1864 390
1865 390
1866 390
1867 390
1868 391
1869 391
1870 391
1871 391
1872 391
1873 392
1874 392
1875 392
1876 392
1877 392
1878 393
1879 393
1880 393
1881 393
1882 393
1883 394
1884 394
1885 394
1886 394
1887 395
1888 395
1889 395
1890 395
1891 395
1892 396
1893 396
1894 396
1895 396
1896 396
1897 397
1898 397
1899 397
1900 397
1901 397
1902 398
1903 398
1904 398
1905 398
1906 398
1907 399
1908 399
1909 399
1910 399
1911 400
1912 400
1913 400
1914 400
1915 400
1916 401
1917 401
1918 401
1919 401
1920 401
1921 402
1922 402
1923 402
1924 402
1925 402
1926 403
1927 403
1928 403
1929 403
1930 403
1931 404
1932 404
1933 404
1934 404
1935 405
1936 405
1937 405
1938 405
1939 405
1940 406
1941 406
1942 406
1943 406
1944 406
1945 407
1946 407
1947 407
1948 407
1949 407
1950 408
1951 408
1952 408
1953 408
1954 409
1955 409
1956 409
1957 409
1958 409
1959 410
1960 410
1961 410
1962 410
1963 410
1964 411
1965 411
1966 411
1967 411
1968 411
1969 412
1970 412
1971 412
1972 412
1973 412
1974 413
1975 413
1976 413
1977 413
1978 414
1979 414
1980 414
1981 414
1982 414
1983 415
1984 415
1985 415
1986 415
1987 415
1988 416
1989 416
1990 416
1991 416
1992 416
1993 417
1994 417
1995 417
1996 417
1997 417
1998 418
1999 418
2000 418
2001 418
2002 419
2003 419
2004 419
2005 419
2006 419
2007 420
2008 420
2009 420
2010 420
2011 420
2012 421
2013 421
2014 421
2015 421
2016 421
2017 422
2018 422
2019 422
2020 422
2021 423
2022 423
2023 423
2024 423
2025 423
2026 424
2027 424
2028 424
2029 424
2030 424
2031 425
2032 425
2033 425
2034 425
2035 425
2036 426
2037 426
2038 426
2039 426
2040 426
2041 427
2042 427
2043 427
2044 427
2045 428
2046 428
2047 428
2048 428
2049 428
2050 429
2051 429
2052 429
2053 429
2054 429
2055 430
2056 430
2057 430
2058 430
2059 430
2060 431
2061 431
2062 431
2063 431
2064 432
2065 432
2066 432
2067 432
2068 432
2069 433
2070 433
2071 433
2072 433
2073 433
2074 434
2075 434
2076 434
2077 434
2078 434
2079 435
2080 435
2081 435
2082 435
2083 435
2084 436
2085 436
2086 436
2087 436
2088 437
2089 437
2090 437
2091 437
2092 437
2093 438
2094 438
2095 438
2096 438
2097 438
2098 439
2099 439
2100 439
2101 439
2102 439
2103 440
2104 440
2105 440
2106 440
2107 440
2108 441
2109 441
2110 441
2111 441
2112 442
2113 442
2114 442
2115 442
2116 442
2117 443
2118 443
2119 443
2120 443
2121 443
2122 444
2123 444
2124 444
2125 444
2126 444
2127 445
2128 445
2129 445
2130 445
2131 446
2132 446
2133 446
2134 446
2135 446
2136 447
2137 447
2138 447
2139 447
2140 447
2141 448
2142 448
2143 448
2144 448
2145 448
2146 449
2147 449
2148 449
2149 449
2150 449
2151 450
2152 450
2153 450
2154 450
2155 451
2156 451
2157 451
2158 451
2159 451
2160 452
2161 452
2162 452
2163 452
2164 452
2165 453
2166 453
2167 453
2168 453
2169 453
2170 454
2171 454
2172 454
2173 454
2174 454
2175 455
2176 455
2177 455
2178 455
2179 456
2180 456
2181 456
2182 456
2183 456
2184 457
2185 457
2186 457
2187 457
2188 457
2189 458
2190 458
2191 458
2192 458
2193 458
2194 459
2195 459
2196 459
2197 459
2198 460
2199 460
2200 460
2201 460
2202 460
2203 461
2204 461
2205 461
2206 461
2207 461
2208 462
2209 462
2210 462
2211 462
2212 462
2213 463
2214 463
2215 463
2216 463
2217 463
2218 464
2219 464
2220 464
2221 464
2222 465
2223 465
2224 465
2225 465
2226 465
2227 466
2228 466
2229 466
2230 466
2231 466
2232 467
2233 467
2234 467
2235 467
2236 467
2237 468
2238 468
2239 468
2240 468
2241 468
2242 469
2243 469
2244 469
2245 469
2246 470
2247 470
2248 470
2249 470
2250 470
2251 471
2252 471
2253 471
2254 471
2255 471
2256 472
2257 472
2258 472
2259 472
2260 472
2261 473
2262 473
2263 473
2264 473
2265 474
2266 474
2267 474
2268 474
2269 474
2270 475
2271 475
2272 475
2273 475
2274 475
2275 476
2276 476
2277 476
2278 476
2279 476
2280 477
2281 477
2282 477
2283 477
2284 477
2285 478
2286 478
2287 478
2288 478
2289 479
2290 479
2291 479
2292 479
2293 479
2294 480
2295 480
2296 480
2297 480
2298 480
2299 481
2300 481
2301 481
2302 481
2303 481
2304 482
2305 482
2306 482
2307 482
2308 482
2309 483
2310 483
2311 483
2312 483
2313 484
2314 484
2315 484
2316 484
2317 484
2318 485
2319 485
2320 485
2321 485
2322 485
2323 486
2324 486
2325 486
2326 486
2327 486
2328 487
2329 487
2330 487
2331 487
2332 488
2333 488
2334 488
2335 488
2336 488
2337 489
2338 489
2339 489
2340 489
2341 489
2342 490
2343 490
2344 490
2345 490
2346 490
2347 491
2348 491
2349 491
2350 491
2351 491
2352 492
2353 492
2354 492
2355 492
2356 493
2357 493
2358 493
2359 493
2360 493
2361 494
2362 494
2363 494
2364 494
2365 494
2366 495
2367 495
2368 495
2369 495
2370 495
2371 496
2372 496
2373 496
2374 496
2375 496
2376 497
2377 497
2378 497
2379 497
2380 498
2381 498
2382 498
2383 498
2384 498
2385 499
2386 499
2387 499
2388 499
2389 499
2390 500
2391 500
2392 500
2393 500
2394 500
2395 501
2396 501
2397 501
2398 501
2399 502
2400 502
2401 502
2402 502
2403 502
2404 503
2405 503
2406 503
2407 503
2408 503
2409 504
2410 504
2411 504
2412 504
2413 504
2414 505
2415 505
2416 505
2417 505
2418 505
2419 506
2420 506
2421 506
2422 506
2423 507
2424 507
2425 507
2426 507
2427 507
2428 508
2429 508
2430 508
2431 508
2432 508
2433 509
2434 509
2435 509
2436 509
2437 509
2438 510
2439 510
2440 510
2441 510
2442 510
2443 511
2444 511
2445 511
2446 511
2447 512
2448 512
2449 512
2450 512
2451 512
2452 513
2453 513
2454 513
2455 513
2456 513
2457 514
2458 514
2459 514
2460 514
2461 514
2462 515
2463 515
2464 515
2465 515
2466 516
2467 516
2468 516
2469 516
2470 516
2471 517
2472 517
2473 517
2474 517
2475 517
2476 518
2477 518
2478 518
2479 518
2480 518
2481 519
2482 519
2483 519
2484 519
2485 519
2486 520
2487 520
2488 520
2489 520
2490 521
2491 521
2492 521
2493 521
2494 521
2495 522
2496 522
2497 522
2498 522
2499 522
2500 523
2501 523
2502 523
2503 523
2504 523
2505 524
2506 524
2507 524
2508 524
2509 525
2510 525
2511 525
2512 525
2513 525
2514 526
2515 526
2516 526
2517 526
2518 526
2519 527
2520 527
2521 527
2522 527
2523 527
2524 528
2525 528
2526 528
2527 528
2528 528
2529 529
2530 529
2531 529
2532 529
2533 530
2534 530
2535 530
2536 530
2537 530
2538 531
2539 531
2540 531
2541 531
2542 531
2543 532
2544 532
2545 532
2546 532
2547 532
2548 533
2549 533
2550 533
2551 533
2552 533
2553 534
2554 534
2555 534
2556 534
2557 535
2558 535
2559 535
2560 535
2561 535
2562 536
2563 536
2564 536
2565 536
2566 536
2567 537
2568 537
2569 537
2570 537
2571 537
2572 538
2573 538
2574 538
2575 538
2576 539
2577 539
2578 539
2579 539
2580 539
2581 540
2582 540
2583 540
2584 540
2585 540
2586 541
2587 541
2588 541
2589 541
2590 541
2591 542
2592 542
2593 542
2594 542
2595 542
2596 543
2597 543
2598 543
2599 543
2600 544
2601 544
2602 544
2603 544
2604 544
2605 545
2606 545
2607 545
2608 545
2609 545
2610 546
2611 546
2612 546
2613 546
2614 546
2615 547
2616 547
2617 547
2618 547
2619 547
2620 548
2621 548
2622 548
2623 548
2624 549
2625 549
2626 549
2627 549
2628 549
2629 550
2630 550
2631 550
2632 550
2633 550
2634 551
2635 551
2636 551
2637 551
2638 551
2639 552
2640 552
2641 552
2642 552
2643 553
2644 553
2645 553
2646 553
2647 553
2648 554
2649 554
2650 554
2651 554
2652 554
2653 555
2654 555
2655 555
2656 555
2657 555
2658 556
2659 556
2660 556
2661 556
2662 556
2663 557
2664 557
2665 557
2666 557
2667 558
2668 558
2669 558
2670 558
2671 558
2672 559
2673 559
2674 559
2675 559
2676 559
2677 560
2678 560
2679 560
2680 560
2681 560
2682 561
2683 561
2684 561
2685 561
2686 561
2687 562
2688 562
2689 562
2690 562
2691 563
2692 563
2693 563
2694 563
2695 563
2696 564
2697 564
2698 564
2699 564
2700 564
2701 565
2702 565
2703 565
2704 565
2705 565
2706 566
2707 566
2708 566
2709 566
2710 567
2711 567
2712 567
2713 567
2714 567
2715 568
2716 568
2717 568
2718 568
2719 568
2720 569
2721 569
2722 569
2723 569
2724 569
2725 570
2726 570
2727 570
2728 570
2729 570
2730 571
2731 571
2732 571
2733 571
2734 572
2735 572
2736 572
2737 572
2738 572
2739 573
2740 573
2741 573
2742 573
2743 573
2744 574
2745 574
2746 574
2747 574
2748 574
2749 575
2750 575
2751 575
2752 575
2753 575
2754 576
2755 576
2756 576
2757 576
2758 577
2759 577
2760 577
2761 577
2762 577
2763 578
2764 578
2765 578
2766 578
2767 578
2768 579
2769 579
2770 579
2771 579
2772 579
2773 580
2774 580
2775 580
2776 580
2777 581
2778 581
2779 581
2780 581
2781 581
2782 582
2783 582
2784 582
2785 582
2786 582
2787 583
2788 583
2789 583
2790 583
2791 583
2792 584
2793 584
2794 584
2795 584
2796 584
2797 585
2798 585
2799 585
2800 585
2801 586
2802 586
2803 586
2804 586
2805 586
2806 587
2807 587
2808 587
2809 587
2810 587
2811 588
2812 588
2813 588
2814 588
2815 588
2816 589
2817 589
2818 589
2819 589
2820 589
2821 590
2822 590
2823 590
2824 590
2825 591
2826 591
2827 591
2828 591
2829 591
2830 592
2831 592
2832 592
2833 592
2834 592
2835 593
2836 593
2837 593
2838 593
2839 593
2840 594
2841 594
2842 594
2843 594
2844 595
2845 595
2846 595
2847 595
2848 595
2849 596
2850 596
2851 596
2852 596
2853 596
2854 597
2855 597
2856 597
2857 597
2858 597
2859 598
2860 598
2861 598
2862 598
2863 598
2864 599
2865 599
2866 599
2867 599
2868 600
2869 600
2870 600
2871 600
2872 600
2873 601
2874 601
2875 601
2876 601
2877 601
2878 602
2879 602
2880 602
2881 602
2882 602
2883 603
2884 603
2885 603
2886 603
2887 603
2888 604
2889 604
2890 604
2891 604
2892 605
2893 605
2894 605
2895 605
2896 605
2897 606
2898 606
2899 606
2900 606
2901 606
2902 607
2903 607
2904 607
2905 607
2906 607
2907 608
2908 608
2909 608
2910 608
2911 609
2912 609
2913 609
2914 609
2915 609
2916 610
2917 610
2918 610
2919 610
2920 610
2921 611
2922 611
2923 611
2924 611
2925 611
2926 612
2927 612
2928 612
2929 612
2930 612
2931 613
2932 613
2933 613
2934 613
2935 614
2936 614
2937 614
2938 614
2939 614
2940 615
2941 615
2942 615
2943 615
2944 615
2945 616
2946 616
2947 616
2948 616
2949 616
2950 617
2951 617
2952 617
2953 617
2954 618
2955 618
2956 618
2957 618
2958 618
2959 619
2960 619
2961 619
2962 619
2963 619
2964 620
2965 620
2966 620
2967 620
2968 620
2969 621
2970 621
2971 621
2972 621
2973 621
2974 622
2975 622
2976 622
2977 622
2978 623
2979 623
2980 623
2981 623
2982 623
2983 624
2984 624
2985 624
2986 624
2987 624
2988 625
2989 625
2990 625
2991 625
2992 625
2993 626
2994 626
2995 626
2996 626
2997 626
2998 627
2999 627
3000 627
3001 627
3002 628
3003 628
3004 628
3005 628
3006 628
3007 629
3008 629
3009 629
3010 629
3011 629
3012 630
3013 630
3014 630
3015 630
3016 630
3017 631
3018 631
3019 631
3020 631
3021 632
3022 632
3023 632
3024 632
3025 632
3026 633
3027 633
3028 633
3029 633
3030 633
3031 634
3032 634
3033 634
3034 634
3035 634
3036 635
3037 635
3038 635
3039 635
3040 635
3041 636
3042 636
3043 636
3044 636
3045 637
3046 637
3047 637
3048 637
3049 637
3050 638
3051 638
3052 638
3053 638
3054 638
3055 639
3056 639
3057 639
3058 639
3059 639
3060 640
3061 640
3062 640
3063 640
3064 640
3065 641
3066 641
3067 641
3068 641
3069 642
3070 642
3071 642
3072 642
3073 642
3074 643
3075 643
3076 643
3077 643
3078 643
3079 644
3080 644
3081 644
3082 644
3083 644
3084 645
3085 645
3086 645
3087 645
3088 646
3089 646
3090 646
3091 646
3092 646
3093 647
3094 647
3095 647
3096 647
3097 647
3098 648
3099 648
3100 648
3101 648
3102 648
3103 649
3104 649
3105 649
3106 649
3107 649
3108 650
3109 650
3110 650
3111 650
3112 651
3113 651
3114 651
3115 651
3116 651
3117 652
3118 652
3119 652
3120 652
3121 652
3122 653
3123 653
3124 653
3125 653
3126 653
3127 654
3128 654
3129 654
3130 654
3131 654
3132 655
3133 655
3134 655
3135 655
3136 656
3137 656
3138 656
3139 656
3140 656
3141 657
3142 657
3143 657
3144 657
3145 657
3146 658
3147 658
3148 658
3149 658
3150 658
3151 659
3152 659
3153 659
3154 659
3155 660
3156 660
3157 660
3158 660
3159 660
3160 661
3161 661
3162 661
3163 661
3164 661
3165 662
3166 662
3167 662
3168 662
3169 662
3170 663
3171 663
3172 663
3173 663
3174 663
3175 664
3176 664
3177 664
3178 664
3179 665
3180 665
3181 665
3182 665
3183 665
3184 666
3185 666
3186 666
3187 666
3188 666
3189 667
3190 667
3191 667
3192 667
3193 667
3194 668
3195 668
3196 668
3197 668
3198 668
3199 669
3200 669
3201 669
3202 669
3203 670
3204 670
3205 670
3206 670
3207 670
3208 671
3209 671
3210 671
3211 671
3212 671
3213 672
3214 672
3215 672
3216 672
3217 672
3218 673
3219 673
3220 673
3221 673
3222 674
3223 674
3224 674
3225 674
3226 674
3227 675
3228 675
3229 675
3230 675
3231 675
3232 676
3233 676
3234 676
3235 676
3236 676
3237 677
3238 677
3239 677
3240 677
3241 677
3242 678
3243 678
3244 678
3245 678
3246 679
3247 679
3248 679
3249 679
3250 679
3251 680
3252 680
3253 680
3254 680
3255 680
3256 681
3257 681
3258 681
3259 681
3260 681
3261 682
3262 682
3263 682
3264 682
3265 682
3266 683
3267 683
3268 683
3269 683
3270 684
3271 684
3272 684
3273 684
3274 684
3275 685
3276 685
3277 685
3278 685
3279 685
3280 686
3281 686
3282 686
3283 686
3284 686
3285 687
3286 687
3287 687
3288 687
3289 688
3290 688
3291 688
3292 688
3293 688
3294 689
3295 689
3296 689
3297 689
3298 689
3299 690
3300 690
3301 690
3302 690
3303 690
3304 691
3305 691
3306 691
3307 691
3308 691
3309 692
3310 692
3311 692
3312 692
3313 693
3314 693
3315 693
3316 693
3317 693
3318 694
3319 694
3320 694
3321 694
3322 694
3323 695
3324 695
3325 695
3326 695
3327 695
3328 696
3329 696
3330 696
3331 696
3332 696
3333 697
3334 697
3335 697
3336 697
3337 698
3338 698
3339 698
3340 698
3341 698
3342 699
3343 699
3344 699
3345 699
3346 699
3347 700
3348 700
3349 700
3350 700
3351 700
3352 701
3353 701
3354 701
3355 701
3356 702
3357 702
3358 702
3359 702
3360 702
3361 703
3362 703
3363 703
3364 703
3365 703
3366 704
3367 704
3368 704
3369 704
3370 704
3371 705
3372 705
3373 705
3374 705
3375 705
3376 706
3377 706
3378 706
3379 706
3380 707
3381 707
3382 707
3383 707
3384 707
3385 708
3386 708
3387 708
3388 708
3389 708
3390 709
3391 709
3392 709
3393 709
3394 709
3395 710
3396 710
3397 710
3398 710
3399 710
3400 711
3401 711
3402 711
3403 711
3404 712
3405 712
3406 712
3407 712
3408 712
3409 713
3410 713
3411 713
3412 713
3413 713
3414 714
3415 714
3416 714
3417 714
3418 714
3419 715
3420 715
3421 715
3422 715
3423 716
3424 716
3425 716
3426 716
3427 716
3428 717
3429 717
3430 717
3431 717
3432 717
3433 718
3434 718
3435 718
3436 718
3437 718
3438 719
3439 719
3440 719
3441 719
3442 719
3443 720
3444 720
3445 720
3446 720
3447 721
3448 721
3449 721
3450 721
3451 721
3452 722
3453 722
3454 722
3455 722
3456 722
3457 723
3458 723
3459 723
3460 723
3461 723
3462 724
3463 724
3464 724
3465 724
3466 725
3467 725
3468 725
3469 725
3470 725
3471 726
3472 726
3473 726
3474 726
3475 726
3476 727
3477 727
3478 727
3479 727
3480 727
3481 728
3482 728
3483 728
3484 728
3485 728
3486 729
3487 729
3488 729
3489 729
3490 730
3491 730
3492 730
3493 730
3494 730
3495 731
3496 731
3497 731
3498 731
3499 731
3500 732
3501 732
3502 732
3503 732
3504 732
3505 733
3506 733
3507 733
3508 733
3509 733
3510 734
3511 734
3512 734
3513 734
3514 735
3515 735
3516 735
3517 735
3518 735
3519 736
3520 736
3521 736
3522 736
3523 736
3524 737
3525 737
3526 737
3527 737
3528 737
3529 738
3530 738
3531 738
3532 738
3533 739
3534 739
3535 739
3536 739
3537 739
3538 740
3539 740
3540 740
3541 740
3542 740
3543 741
3544 741
3545 741
3546 741
3547 741
3548 742
3549 742
3550 742
3551 742
3552 742
3553 743
3554 743
3555 743
3556 743
3557 744
3558 744
3559 744
3560 744
3561 744
3562 745
3563 745
3564 745
3565 745
3566 745
3567 746
3568 746
3569 746
3570 746
3571 746
3572 747
3573 747
3574 747
3575 747
3576 747
3577 748
3578 748
3579 748
3580 748
3581 749
3582 749
3583 749
3584 749
3585 749
3586 750
3587 750
3588 750
3589 750
3590 750
3591 751
3592 751
3593 751
3594 751
3595 751
3596 752
3597 752
3598 752
3599 752
3600 753
3601 753
3602 753
3603 753
3604 753
3605 754
3606 754
3607 754
3608 754
3609 754
3610 755
3611 755
3612 755
3613 755
3614 755
3615 756
3616 756
3617 756
3618 756
3619 756
3620 757
3621 757
3622 757
3623 757
3624 758
3625 758
3626 758
3627 758
3628 758
3629 759
3630 759
3631 759
3632 759
3633 759
3634 760
3635 760
3636 760
3637 760
3638 760
3639 761
3640 761
3641 761
3642 761
3643 761
3644 762
3645 762
3646 762
3647 762
3648 763
3649 763
3650 763
3651 763
3652 763
3653 764
3654 764
3655 764
3656 764
3657 764
3658 765
3659 765
3660 765
3661 765
3662 765
3663 766
3664 766
3665 766
3666 766
3667 767
3668 767
3669 767
3670 767
3671 767
3672 768
3673 768
3674 768
3675 768
3676 768
3677 769
3678 769
3679 769
3680 769
3681 769
3682 770
3683 770
3684 770
3685 770
3686 770
3687 771
3688 771
3689 771
3690 771
3691 772
3692 772
3693 772
3694 772
3695 772
3696 773
3697 773
3698 773
3699 773
3700 773
3701 774
3702 774
3703 774
3704 774
3705 774
3706 775
3707 775
3708 775
3709 775
3710 775
3711 776
3712 776
3713 776
3714 776
3715 777
3716 777
3717 777
3718 777
3719 777
3720 778
3721 778
3722 778
3723 778
3724 778
3725 779
3726 779
3727 779
3728 779
3729 779
3730 780
3731 780
3732 780
3733 780
3734 781
3735 781
3736 781
3737 781
3738 781
3739 782
3740 782
3741 782
3742 782
3743 782
3744 783
3745 783
3746 783
3747 783
3748 783
3749 784
3750 784
3751 784
3752 784
3753 784
3754 785
3755 785
3756 785
3757 785
3758 786
3759 786
3760 786
3761 786
3762 786
3763 787
3764 787
3765 787
3766 787
3767 787
3768 788
3769 788
3770 788
3771 788
3772 788
3773 789
3774 789
3775 789
3776 789
3777 789
3778 790
3779 790
3780 790
3781 790
3782 791
3783 791
3784 791
3785 791
3786 791
3787 792
3788 792
3789 792
3790 792
3791 792
3792 793
3793 793
3794 793
3795 793
3796 793
3797 794
3798 794
3799 794
3800 794
3801 795
3802 795
3803 795
3804 795
3805 795
3806 796
3807 796
3808 796
3809 796
3810 796
3811 797
3812 797
3813 797
3814 797
3815 797
3816 798
3817 798
3818 798
3819 798
3820 798
3821 799
3822 799
3823 799
3824 799
3825 800
3826 800
3827 800
3828 800
3829 800
3830 801
3831 801
3832 801
3833 801
3834 801
3835 802
3836 802
3837 802
3838 802
3839 802
3840 803
3841 803
3842 803
3843 803
3844 803
3845 804
3846 804
3847 804
3848 804
3849 805
3850 805
3851 805
3852 805
3853 805
3854 806
3855 806
3856 806
3857 806
3858 806
3859 807
3860 807
3861 807
3862 807
3863 807
3864 808
3865 808
3866 808
3867 808
3868 809
3869 809
3870 809
3871 809
3872 809
3873 810
3874 810
3875 810
3876 810
3877 810
3878 811
3879 811
3880 811
3881 811
3882 811
3883 812
3884 812
3885 812
3886 812
3887 812
3888 813
3889 813
3890 813
3891 813
3892 814
3893 814
3894 814
3895 814
3896 814
3897 815
3898 815
3899 815
3900 815
3901 815
3902 816
3903 816
3904 816
3905 816
3906 816
3907 817
3908 817
3909 817
3910 817
3911 818
3912 818
3913 818
3914 818
3915 818
3916 819
3917 819
3918 819
3919 819
3920 819
3921 820
3922 820
3923 820
3924 820
3925 820
3926 821
3927 821
3928 821
3929 821
3930 821
3931 822
3932 822
3933 822
3934 822
3935 823
3936 823
3937 823
3938 823
3939 823
3940 824
3941 824
3942 824
3943 824
3944 824
3945 825
3946 825
3947 825
3948 825
3949 825
3950 826
3951 826
3952 826
3953 826
3954 826
3955 827
3956 827
3957 827
3958 827
3959 828
3960 828
3961 828
3962 828
3963 828
3964 829
3965 829
3966 829
3967 829
3968 829
3969 830
3970 830
3971 830
3972 830
3973 830
3974 831
3975 831
3976 831
3977 831
3978 832
3979 832
3980 832
3981 832
3982 832
3983 833
3984 833
3985 833
3986 833
3987 833
3988 834
3989 834
3990 834
3991 834
3992 834
3993 835
3994 835
3995 835
3996 835
3997 835
3998 836
3999 836
4000 836
4001 836
4002 837
4003 837
4004 837
4005 837
4006 837
4007 838
4008 838
4009 838
4010 838
4011 838
4012 839
4013 839
4014 839
4015 839
4016 839
4017 840
4018 840
4019 840
4020 840
4021 840
4022 841
4023 841
4024 841
4025 841
4026 842
4027 842
4028 842
4029 842
4030 842
4031 843
4032 843
4033 843
4034 843
4035 843
4036 844
4037 844
4038 844
4039 844
4040 844
4041 845
4042 845
4043 845
4044 845
4045 846
4046 846
4047 846
4048 846
4049 846
4050 847
4051 847
4052 847
4053 847
4054 847
4055 848
4056 848
4057 848
4058 848
4059 848
4060 849
4061 849
4062 849
4063 849
4064 849
4065 850
4066 850
4067 850
4068 850
4069 851
4070 851
4071 851
4072 851
4073 851
4074 852
4075 852
4076 852
4077 852
4078 852
4079 853
4080 853
4081 853
4082 853
4083 853
4084 854
4085 854
4086 854
4087 854
4088 854
4089 855
4090 855
4091 855
4092 855
4093 856
4094 856
4095 856
4096 856
4097 856
4098 857
4099 857
4100 857
4101 857
4102 857
4103 858
4104 858
4105 858
4106 858
4107 858
4108 859
4109 859
4110 859
4111 859
4112 860
4113 860
4114 860
4115 860
4116 860
4117 861
4118 861
4119 861
4120 861
4121 861
4122 862
4123 862
4124 862
4125 862
4126 862
4127 863
4128 863
4129 863
4130 863
4131 863
4132 864
4133 864
4134 864
4135 864
4136 865
4137 865
4138 865
4139 865
4140 865
4141 866
4142 866
4143 866
4144 866
4145 866
4146 867
4147 867
4148 867
4149 867
4150 867
4151 868
4152 868
4153 868
4154 868
4155 868
4156 869
4157 869
4158 869
4159 869
4160 870
4161 870
4162 870
4163 870
4164 870
4165 871
4166 871
4167 871
4168 871
4169 871
4170 872
4171 872
4172 872
4173 872
4174 872
4175 873
4176 873
4177 873
4178 873
4179 874
4180 874
4181 874
4182 874
4183 874
4184 875
4185 875
4186 875
4187 875
4188 875
4189 876
4190 876
4191 876
4192 876
4193 876
4194 877
4195 877
4196 877
4197 877
4198 877
4199 878
4200 878
4201 878
4202 878
4203 879
4204 879
4205 879
4206 879
4207 879
4208 880
4209 880
4210 880
4211 880
4212 880
4213 881
4214 881
4215 881
4216 881
4217 881
4218 882
4219 882
4220 882
4221 882
4222 882
4223 883
4224 883
4225 883
4226 883
4227 884
4228 884
4229 884
4230 884
4231 884
4232 885
4233 885
4234 885
4235 885
4236 885
4237 886
4238 886
4239 886
4240 886
4241 886
4242 887
4243 887
4244 887
4245 887
4246 888
4247 888
4248 888
4249 888
4250 888
4251 889
4252 889
4253 889
4254 889
4255 889
4256 890
4257 890
4258 890
4259 890
4260 890
4261 891
4262 891
4263 891
4264 891
4265 891
4266 892
4267 892
4268 892
4269 892
4270 893
4271 893
4272 893
4273 893
4274 893
4275 894
4276 894
4277 894
4278 894
4279 894
4280 895
4281 895
4282 895
4283 895
4284 895
4285 896
4286 896
4287 896
4288 896
4289 896
4290 897
4291 897
4292 897
4293 897
4294 898
4295 898
4296 898
4297 898
4298 898
4299 899
4300 899
4301 899
4302 899
4303 899
4304 900
4305 900
4306 900
4307 900
4308 900
4309 901
4310 901
4311 901
4312 901
4313 902
4314 902
4315 902
4316 902
4317 902
4318 903
4319 903
4320 903
4321 903
4322 903
4323 904
4324 904
4325 904
4326 904
4327 904
4328 905
4329 905
4330 905
4331 905
4332 905
4333 906
4334 906
4335 906
4336 906
4337 907
4338 907
4339 907
4340 907
4341 907
4342 908
4343 908
4344 908
4345 908
4346 908
4347 909
4348 909
4349 909
4350 909
4351 909
4352 910
4353 910
4354 910
4355 910
4356 911
4357 911
4358 911
4359 911
4360 911
4361 912
4362 912
4363 912
4364 912
4365 912
4366 913
4367 913
4368 913
4369 913
4370 913
4371 914
4372 914
4373 914
4374 914
4375 914
4376 915
4377 915
4378 915
4379 915
4380 916
4381 916
4382 916
4383 916
4384 916
4385 917
4386 917
4387 917
4388 917
4389 917
4390 918
4391 918
4392 918
4393 918
4394 918
4395 919
4396 919
4397 919
4398 919
4399 919
4400 920
4401 920
4402 920
4403 920
4404 921
4405 921
4406 921
4407 921
4408 921
4409 922
4410 922
4411 922
4412 922
4413 922
4414 923
4415 923
4416 923
4417 923
4418 923
4419 924
4420 924
4421 924
4422 924
4423 925
4424 925
4425 925
4426 925
4427 925
4428 926
4429 926
4430 926
4431 926
4432 926
4433 927
4434 927
4435 927
4436 927
4437 927
4438 928
4439 928
4440 928
4441 928
4442 928
4443 929
4444 929
4445 929
4446 929
4447 930
4448 930
4449 930
4450 930
4451 930
4452 931
4453 931
4454 931
4455 931
4456 931
4457 932
4458 932
4459 932
4460 932
4461 932
4462 933
4463 933
4464 933
4465 933
4466 933
4467 934
4468 934
4469 934
4470 934
4471 935
4472 935
4473 935
4474 935
4475 935
4476 936
4477 936
4478 936
4479 936
4480 936
4481 937
4482 937
4483 937
4484 937
4485 937
4486 938
4487 938
4488 938
4489 938
4490 939
4491 939
4492 939
4493 939
4494 939
4495 940
4496 940
4497 940
4498 940
4499 940
4500 941
4501 941
4502 941
4503 941
4504 941
4505 942
4506 942
4507 942
4508 942
4509 942
4510 943
4511 943
4512 943
4513 943
4514 944
4515 944
4516 944
4517 944
4518 944
4519 945
4520 945
4521 945
4522 945
4523 945
4524 946
4525 946
4526 946
4527 946
4528 946
4529 947
4530 947
4531 947
4532 947
4533 947
4534 948
4535 948
4536 948
4537 948
4538 949
4539 949
4540 949
4541 949
4542 949
4543 950
4544 950
4545 950
4546 950
4547 950
4548 951
4549 951
4550 951
4551 951
4552 951
4553 952
4554 952
4555 952
4556 952
4557 953
4558 953
4559 953
4560 953
4561 953
4562 954
4563 954
4564 954
4565 954
4566 954
4567 955
4568 955
4569 955
4570 955
4571 955
4572 956
4573 956
4574 956
4575 956
4576 956
4577 957
4578 957
4579 957
4580 957
4581 958
4582 958
4583 958
4584 958
4585 958
4586 959
4587 959
4588 959
4589 959
4590 959
4591 960
4592 960
4593 960
4594 960
4595 960
4596 961
4597 961
4598 961
4599 961
4600 961
4601 962
4602 962
4603 962
4604 962
4605 963
4606 963
4607 963
4608 963
4609 963
4610 964
4611 964
4612 964
4613 964
4614 964
4615 965
4616 965
4617 965
4618 965
4619 965
4620 966
4621 966
4622 966
4623 966
4624 967
4625 967
4626 967
4627 967
4628 967
4629 968
4630 968
4631 968
4632 968
4633 968
4634 969
4635 969
4636 969
4637 969
4638 969
4639 970
4640 970
4641 970
4642 970
4643 970
4644 971
4645 971
4646 971
4647 971
4648 972
4649 972
4650 972
4651 972
4652 972
4653 973
4654 973
4655 973
4656 973
4657 973
4658 974
4659 974
4660 974
4661 974
4662 974
4663 975
4664 975
4665 975
4666 975
4667 975
4668 976
4669 976
4670 976
4671 976
4672 977
4673 977
4674 977
4675 977
4676 977
4677 978
4678 978
4679 978
4680 978
4681 978
4682 979
4683 979
4684 979
4685 979
4686 979
4687 980
4688 980
4689 980
4690 980
4691 981
4692 981
4693 981
4694 981
4695 981
4696 982
4697 982
4698 982
4699 982
4700 982
4701 983
4702 983
4703 983
4704 983
4705 983
4706 984
4707 984
4708 984
4709 984
4710 984
4711 985
4712 985
4713 985
4714 985
4715 986
4716 986
4717 986
4718 986
4719 986
4720 987
4721 987
4722 987
4723 987
4724 987
4725 988
4726 988
4727 988
4728 988
4729 988
4730 989
4731 989
4732 989
4733 989
4734 989
4735 990
4736 990
4737 990
4738 990
4739 991
4740 991
4741 991
4742 991
4743 991
4744 992
4745 992
4746 992
4747 992
4748 992
4749 993
4750 993
4751 993
4752 993
4753 993
4754 994
4755 994
4756 994
4757 994
4758 995
4759 995
4760 995
4761 995
4762 995
4763 996
4764 996
4765 996
4766 996
4767 996
4768 997
4769 997
4770 997
4771 997
4772 997
4773 998
4774 998
4775 998
4776 998
4777 998
4778 999
4779 999
4780 999
4781 999
4782 1000
4783 1000
4784 1000
4785 1000
4786 1000
4787 1001
4788 1001
4789 1001
4790 1001
4791 1001
4792 1002
4793 1002
4794 1002
4795 1002
4796 1002
4797 1003
4798 1003
4799 1003
4800 1003
4801 1004
4802 1004
4803 1004
4804 1004
4805 1004
4806 1005
4807 1005
4808 1005
4809 1005
4810 1005
4811 1006
4812 1006
4813 1006
4814 1006
4815 1006
4816 1007
4817 1007
4818 1007
4819 1007
4820 1007
4821 1008
4822 1008
4823 1008
4824 1008
4825 1009
4826 1009
4827 1009
4828 1009
4829 1009
4830 1010
4831 1010
4832 1010
4833 1010
4834 1010
4835 1011
4836 1011
4837 1011
4838 1011
4839 1011
4840 1012
4841 1012
4842 1012
4843 1012
4844 1012
4845 1013
4846 1013
4847 1013
4848 1013
4849 1014
4850 1014
4851 1014
4852 1014
4853 1014
4854 1015
4855 1015
4856 1015
4857 1015
4858 1015
4859 1016
4860 1016
4861 1016
4862 1016
4863 1016
4864 1017
4865 1017
4866 1017
4867 1017
4868 1018
4869 1018
4870 1018
4871 1018
4872 1018
4873 1019
4874 1019
4875 1019
4876 1019
4877 1019
4878 1020
4879 1020
4880 1020
4881 1020
4882 1020
4883 1021
4884 1021
4885 1021
4886 1021
4887 1021
4888 1022
4889 1022
4890 1022
4891 1022
4892 1023
4893 1023
4894 1023
4895 1023
4896 1023
4897 1024
4898 1024
4899 1024
4900 1024
4901 1024
4902 1025
4903 1025
4904 1025
4905 1025
4906 1025
4907 1026
4908 1026
4909 1026
4910 1026
4911 1026
4912 1027
4913 1027
4914 1027
4915 1027
4916 1028
4917 1028
4918 1028
4919 1028
4920 1028
4921 1029
4922 1029
4923 1029
4924 1029
4925 1029
4926 1030
4927 1030
4928 1030
4929 1030
4930 1030
4931 1031
4932 1031
4933 1031
4934 1031
4935 1032
4936 1032
4937 1032
4938 1032
4939 1032
4940 1033
4941 1033
4942 1033
4943 1033
4944 1033
4945 1034
4946 1034
4947 1034
4948 1034
4949 1034
4950 1035
4951 1035
4952 1035
4953 1035
4954 1035
4955 1036
4956 1036
4957 1036
4958 1036
4959 1037
4960 1037
4961 1037
4962 1037
4963 1037
4964 1038
4965 1038
4966 1038
4967 1038
4968 1038
4969 1039
4970 1039
4971 1039
4972 1039
4973 1039
4974 1040
4975 1040
4976 1040
4977 1040
4978 1040
4979 1041
4980 1041
4981 1041
4982 1041
4983 1042
4984 1042
4985 1042
4986 1042
4987 1042
4988 1043
4989 1043
4990 1043
4991 1043
4992 1043
4993 1044
4994 1044
4995 1044
4996 1044
4997 1044
4998 1045
4999 1045
